11623
38295
10922
46533
16903
27380
18763
51225
30428
45440
25248
33084
44247
53792
38836
23302
46312
57514
22705
26487
25716
38204
61059
4435
63587
12558
35421
58556
22918
55525
27452
4083
63223
48194
11201
37828
12055
42950
36605
51913
13130
1931
39027
58486
5722
35674
34353
44962
16213
32568
31266
64890
54135
61090
36194
36014
12011
1214
27781
47711
9976
1900
59727
48693
21924
17216
36186
28245
61619
17149
50111
2504
55467
33403
46734
20936
25163
15152
16809
61249
29221
64587
6091
18250
32919
2386
21166
8749
296
19755
33785
62112
1185
25692
3322
53404
9869
29815
3719
62191
26105
22615
58375
22106
15352
64852
33646
28488
31123
36084
44006
65033
26610
21877
56406
2834
39282
440
9717
31672
28411
2860
5198
50719
47818
56901
50992
57039
9929
43136
41710
16997
12651
30098
33672
54148
7752
9516
30444
26529
8336
58149
44258
11819
8692
30160
32613
25438
49782
47532
24504
58640
49571
37543
45684
37427
49469
4717
35437
53166
57833
27797
1745
62762
54537
60800
22492
48247
45202
43877
1416
29844
48238
15044
43188
45182
2288
48244
28700
22488
28029
5118
21141
28333
29179
44354
63117
2028
3868
43170
3865
46707
25964
35208
8214
26769
58222
7193
24623
1009
31842
30934
22706
53888
52605
8098
12915
65061
29501
41959
36009
65292
34152
24850
45425
10663
45999
65047
55979
1041
57280
14
38136
59603
14650
27568
44116
54545
50664
7054
10727
19608
12692
25095
62485
40153
40596
12727
31780
47923
44981
2704
26317
43308
61111
31849
21150
64657
9594
9827
18082
36906
60559
44297
8588
52773
7455
27613
48093
44420
38801
27222
45648
47719
55567
56409
51169
5047
43361
47981
934
37450
5557
39974
38252
37838
23845
6967
53259
37216
9821
11067
18639
35963
39897
18407
15239
59262
2887
31053
31174
51053
38250
582
25925
7429
60541
13376
12305
51787
12233
55545
64663
35131
39443
56358
37648
42672
65090
52214
33898
56395
20442
39998
31715
33543
42160
3280
41778
37078
65459
42137
49393
52279
41847
24737
47322
62256
54025
50289
24766
15980
35395
45226
63300
20141
26909
20804
43381
47482
30985
9973
25948
48045
38193
64322
6573
9109
42947
52365
34773
64299
1209
2985
65050
29559
26324
65319
58886
50968
17171
44563
48990
22803
43820
15417
17548
189
1420
20954
27161
57983
49792
45035
15002
12517
34709
58637
15072
59570
15669
44639
47651
57249
1142
42664
57054
1584
29908
48684
15951
25544
2288
37366
43288
22494
22310
8991
38609
60574
27780
61789
13243
20099
18254
59532
45598
45630
16232
31492
50149
26031
63358
17098
23461
27555
57171
30195
19909
43795
5914
49062
40560
25472
45728
51902
9734
40851
37490
9700
24539
51007
48780
36561
17646
8567
59991
5142
53583
5579
27256
36314
32414
48549
56125
26477
35616
58889
18291
37133
15182
64453
9392
13121
32261
38685
41097
43037
2436
63392
49989
39537
27594
57063
60807
33843
56224
57406
22610
11239
17196
38218
65330
2375
57651
50041
52246
31699
36358
36150
57655
38543
46072
25368
28709
37745
7224
50811
64307
11005
65401
44704
2346
31078
14585
50654
61358
30454
57764
58224
12394
34061
881
27402
5349
8375
474
17117
28302
26435
63191
11838
10417
64797
49995
50265
19107
54147
18789
18897
3583
49847
1695
10203
18773
31847
36074
62985
63374
51563
42554
21275
33234
42713
59079
34760
24821
48382
14245
62032
65248
61330
18578
62721
39972
50517
41957
60296
39948
65200
19913
64539
34531
35654
55248
20937
28671
52591
50740
60818
12540
44345
9374
11139
7777
53871
32745
57748
55574
43782
59463
36384
40155
57592
38686
62808
43895
3266
48256
18079
4116
51244
27946
1653
6946
35954
47694
34193
26306
50982
27494
17540
33553
22221
22412
51945
16941
47963
57809
56241
64138
2950
739
40049
36026
34527
42160
60715
60598
464
59902
26579
55385
35903
34690
1156
4360
31244
17675
20367
16369
17964
30455
15216
55081
53708
6607
34887
4131
61730
48866
18298
13912
33713
42961
23096
60670
62901
64570
49051
5511
47291
38516
53462
33662
16975
22181
464
11941
29975
36090
41174
5875
2932
57389
17167
25812
63111
5064
54038
25507
31186
25872
32320
644
44778
32109
20802
24906
42433
35025
10530
14758
24963
7475
34585
26950
57335
51442
53293
36227
19967
16465
59822
9629
44941
57608
64739
33497
104
13818
23568
30490
7574
5901
5169
4173
20851
12763
5941
12858
57073
10777
11445
52832
24283
64464
61710
11181
44311
63735
14104
54115
51147
11991
40216
36489
42745
31019
13531
32040
17771
16529
50927
57240
58183
17006
42036
10086
52257
43480
46481
25153
30129
50609
47587
62219
48672
20531
31848
52480
2279
16926
31773
20471
23627
48942
40275
23670
55167
44489
21491
61403
36489
55279
25906
23919
15873
4828
13520
9774
20751
23679
15024
14205
22711
21910
3069
32384
36936
9115
36193
56060
8199
62039
50231
32668
336
53533
4442
13981
15995
1672
52182
10027
37167
42550
31197
460
27567
57912
46605
42732
22861
23571
62415
47768
28633
29590
16946
20888
41939
686
14074
12004
5013
6334
52784
29456
28376
36057
9062
18956
10289
51060
64385
1133
2478
2512
34365
10575
33956
1479
6225
51719
56215
35789
53254
43677
19422
57781
45237
28322
8126
25212
15420
49819
4411
61773
34312
39987
26181
40783
10356
59393
30753
26596
3302
59401
63149
53498
8104
52134
48165
30813
31820
42309
50175
33441
27732
26067
10065
36758
27358
21983
32631
21137
55930
6848
56387
28029
61779
32700
31371
25455
45251
22852
33364
50788
19338
8313
30107
33357
52801
40998
20997
57734
64464
55292
11432
39694
18587
18329
47185
40167
34378
9981
28620
64504
56471
50632
18343
23030
62619
52212
55652
30836
343
26241
62898
39326
29739
24123
49187
45642
29880
38761
46381
31152
35768
50262
55154
45024
42401
64318
21347
55500
38656
1934
3294
27978
30529
28693
8487
41271
29124
21616
38275
17714
30332
5536
22357
40521
32098
44246
51866
58852
49421
10722
22325
19286
30409
60804
26796
1537
35864
17370
57160
15943
58514
20102
277
13236
28218
3347
3414
11073
16238
29388
61892
59484
20295
7203
36567
525
22850
28872
885
33286
9809
64381
45299
20776
61846
64251
58060
58177
31898
47405
6601
60835
55357
62641
1295
16645
660
38226
54450
55871
31062
